3,2
3,1
3,3
10,116
10,306
10,34
10,88
10,30
10,26
10,294
10,132
11,18
11,14
11,22
8,15
8,14
8,5
8,2
8,3
52,4
52,3
52,2
52,1
52,0
51,3
51,2
51,1
51,0
50,3
50,2
50,1
50,0
49,5
49,4
49,3
49,2
49,1
49,0
48,4
48,3
48,2
48,1
48,0
46,5
46,4
46,3
46,2
46,1
46,0
43,5
43,4
43,3
43,2
43,1
43,0
41,5
41,4
41,3
41,2
41,1
41,0
29,3
29,1
20,3
20,2
20,1
19,3
19,2
19,1
12,3
12,2
12,1
11,27
11,26
11,25
11,24
11,21
11,20
11,12
11,11
11,10
11,8
11,7
11,3
11,2
11,1
10,230
10,226
10,223
10,214
10,199
10,173
10,169
10,166
10,153
10,143
10,130
18,1
10,128
18,3
14,1
14,3
13,1
10,110
13,3
10,107
